4294967278,403
196,6
196,5
203,4
203,3
203,2
203,1
4294967278,402
202,4
202,3
202,2
202,1
201,4
201,3
201,2
201,1
200,4
200,3
200,2
200,1
4294967279,397
199,4
199,3
199,2
199,1
198,4
198,3
198,2
198,1
197,4
197,3
197,2
197,1
196,4
196,3
196,2
196,1
4294967278,401
195,6
195,5
195,4
195,3
195,2
195,1
194,5
194,4
194,3
194,2
194,1
4294967294,428
193,7
193,6
193,5
193,4
193,3
193,2
193,1
192,5
192,4
192,3
192,2
192,1
191,5
191,4
191,3
191,2
191,1
190,4
190,3
190,2
190,1
4294967279,320
182,6
182,5
189,4
189,3
189,2
189,1
188,4
188,3
188,2
188,1
4294967294,496
187,4
187,3
187,2
187,1
186,4
186,3
186,2
186,1
4294967294,495
185,4
185,3
185,2
185,1
184,4
184,3
184,2
184,1
183,4
183,3
183,2
183,1
182,4
182,3
182,2
182,1
181,6
181,5
181,4
181,3
181,2
181,1
180,5
180,4
180,3
180,2
180,1
4294967279,396
4294967279,395
179,7
4294967294,1418
179,6
179,5
179,4
179,3
179,2
179,1
178,5
178,4
178,3
178,2
178,1
177,5
177,4
177,3
177,2
177,1
176,4
176,3
176,2
176,1
4294967278,400
4294967279,275
4294967278,399
4294967278,381
4294967293,131
4294967293,130
4294967293,129
4294967293,128
4294967293,127
4294967293,126
4294967293,125
4294967293,124
4294967293,123
4294967293,122
4294967293,121
4294967293,120
4294967293,119
4294967293,118
4294967293,117
4294967293,116
4294967293,115
4294967293,114
4294967293,113
4294967293,112
4294967293,111
4294967293,110
4294967293,109
4294967293,108
4294967293,107
4294967293,106
4294967293,105
4294967293,104
4294967293,103
4294967293,102
4294967293,101
4294967293,100
4294967293,99
4294967293,98
4294967293,97
4294967293,96
4294967293,95
4294967293,94
4294967293,93
4294967293,92
4294967293,91
4294967293,90
4294967293,89
4294967293,88
4294967293,87
4294967293,86
4294967293,85
4294967293,84
4294967293,83
4294967293,82
4294967293,81
4294967293,80
4294967293,79
4294967293,78
4294967293,77
4294967293,76
4294967293,75
4294967293,74
4294967293,73
4294967293,72
4294967293,71
4294967293,70
4294967293,69
4294967293,68
4294967293,67
4294967293,66
4294967293,65
4294967293,64
4294967293,63
4294967293,62
4294967293,61
4294967293,60
4294967293,59
4294967293,58
4294967293,57
4294967293,56
4294967293,55
4294967293,54
4294967293,53
4294967293,52
4294967293,51
4294967293,50
4294967293,49
4294967293,48
4294967293,47
4294967293,46
4294967293,45
4294967293,44
4294967293,43
4294967293,42
4294967293,41
4294967293,40
4294967293,39
4294967293,38
4294967293,37
4294967293,36
4294967293,35
4294967293,34
4294967293,33
4294967293,32
4294967293,31
4294967293,30
4294967293,29
4294967293,28
4294967293,27
4294967293,26
4294967293,25
4294967293,24
4294967293,23
4294967293,22
4294967293,21
4294967293,20
4294967293,19
4294967293,18
4294967293,17
4294967293,16
4294967293,15
4294967293,14
4294967293,13
4294967293,12
4294967293,11
4294967293,10
4294967293,9
4294967293,8
4294967293,7
4294967293,6
4294967293,5
4294967293,4
4294967293,3
4294967293,2
4243767290,0
4243767289,0
4243767288,0
4243767287,0
4243767286,0
4243767285,0
4243767284,0
4243767283,0
4243767282,0
4243767281,0
4294967293,0
4294967279,348
4294967279,91
4294967279,349
4294967279,205
4294967279,350
4294967279,206
4294967279,207
4294967279,92
4294967279,93
4294967279,94
4294967279,208
4294967279,379
4294967279,359
4294967279,95
4294967279,378
4294967279,211
4294967279,209
4294967279,360
4294967279,210
4294967279,96
4294967279,97
4294967279,212
4294967279,98
4294967279,382
4294967279,351
4294967279,99
4294967279,361
4294967279,213
4294967279,214
4294967279,215
4294967279,217
4294967279,100
4294967279,101
4294967279,102
4294967279,216
4294967279,219
4294967279,221
4294967279,103
4294967279,223
4294967279,218
4294967279,220
4294967279,104
4294967279,222
4294967279,225
4294967279,105
4294967279,224
4294967279,227
4294967279,106
4294967279,229
4294967279,107
4294967279,226
4294967279,231
4294967279,228
4294967279,108
4294967279,233
4294967279,230
4294967279,109
4294967279,235
4294967279,232
4294967279,110
4294967279,111
4294967279,234
4294967279,388
4294967279,393
4294967279,362
4294967279,236
4294967279,112
4294967279,237
4294967279,238
4294967279,241
4294967279,113
4294967279,114
4294967279,115
4294967279,240
4294967279,243
4294967279,247
4294967279,245
4294967279,116
4294967279,242
4294967279,389
4294967279,246
